[00] 2,3,6,7,8,9,10,11,12,13,18,19,22,23,24,25,27,28,29,
[01] 2,3,6,7,8,9,10,11,12,13,28,29
[02] 6,7,8,9,12,13,18,19,22,23,24,29,30
[03] 3,7,18,19,22,23,25,28,29,30,31
[04] 6,7,8,28,29,30
[05] 2,3,6,7,10,11,12,13,17,18,19,20,22,23,24,25,27,28,29
[06] 6,18,19,22,23,26,27,28,29
[07] 8,9,10,11,13,14,15,26,27,28
[08] 8,9,12,18,19,22,23,24,25,26,28,29,30
[09] 2,3,6,7,8,9,10,12,13,18,19,20,24,25,26,27,28,29
[10] 2,3,4,8,9,10,11,12,13,18,19,20
[11] 2,3,4,15,18,19,20,22,23,24,25,28,29,30,31
[12] 2,3,8,9,10,12,13,14,15,17,18,19,20,24,25,26,27,28,29
[13] 2,6,9,12,13,18,19,22,23,24,25,27,29,30,31
[14] 0,1,2,3,4,5,8,9,10,11,23,24,27,29,30,31
[15] 25,27
[16] 12,13,22,23,24,25,26,27,28,29,30,31
[17] 2,9,10,11,12,13,15,18,19,20,24,25,26,27,28,29
[18] 2,3,6,7,8,9,10,11,12,13,14,15,18,19,22,23,24,25,26,27,28,29,30,31
[19] 8,9,10,11,12,13,14,15,18,19,22,23,24,25,26,27,28,29,30,31
[20] 14,15,18,19,20,22,23,24,25,28,29,30,31
[21] 2,3,12,13,24,25,26,27,28,30,31
[22] 8,9,10,12,14,19,23,24,25,28,29,30
[23] 6,7,829,30,31
[24] 10,11,12,14,15,18,26,28
[25] 2,3,7,11,13,14,19,30,31
[26] 18,19,22,23,26,27,28,29
[27] 23
[28] 23,26,27,29,30,31
[29] 2,6,7,8,14,15,18,28,29
[30] 25,26,28,29
[31] 2,3,6,7,8,9,10,11,26,27,28,29
[32] 2,3,6,7,8,9,10,11,26,27,28,29
[33] 2,12,13,25,26,27,28,29
[34] 
[35] 
[36] 
[37] 
[38] 
[39] 
[40] 
[41] 
[42] 
[43] 
[44] 
[45] 3,4,6,7,8,9,10,11,12,13,14,19,22,23,24,25,26,27,28,29,30
[46] 
[47] 
[48] 6,7
[49] 6,7,22,23
[50] 2,3,7,8
[51] 2,3
[52] 
[53] 
[54] 20,28,29
[55] 31
[56] 